774.60698;782.91826;52.1016;22.5;27.4022
774.60698;782.91826;52.1016;22.5;13.7011
774.60698;782.91826;52.1016;22.5;41.1034
774.60698;782.91826;52.1016;22.5;54.8046
774.60698;782.91826;52.1016;22.5;82.2071
343.18556;227.22343;56.0772;22.5;25.1064
343.18556;227.22343;56.0772;22.5;12.5532
343.18556;227.22343;56.0772;22.5;37.6596
343.18556;227.22343;56.0772;22.5;50.2128
343.18556;227.22343;56.0772;22.5;75.3194
759.88582;762.07656;-34.9217;193.5;25.9293
759.88582;762.07656;-34.9217;193.5;12.9647
759.88582;762.07656;-34.9217;193.5;77.7886
857.32759;715.87085;51.6921;64.5;27.5082
857.32759;715.87085;51.6921;64.5;13.7541
857.32759;715.87085;51.6921;64.5;41.2624
857.32759;715.87085;51.6921;64.5;55.0166
670.87078;737.83147;-38.0867;30.0;26.2654
670.87078;737.83147;-38.0867;30.0;13.1327
670.87078;737.83147;-38.0867;30.0;39.3982
670.87078;737.83147;-38.0867;30.0;52.531
670.87078;737.83147;-38.0867;30.0;78.7968
620.12202;674.16624;-35.6883;30.0;26.0806
620.12202;674.16624;-35.6883;30.0;13.0403
620.12202;674.16624;-35.6883;30.0;39.121
620.12202;674.16624;-35.6883;30.0;52.1614
620.12202;674.16624;-35.6883;30.0;78.2425
563.10564;602.14351;-35.8489;30.0;25.8588
563.10564;602.14351;-35.8489;30.0;12.9294
563.10564;602.14351;-35.8489;30.0;38.7882
563.10564;602.14351;-35.8489;30.0;51.7177
563.10564;602.14351;-35.8489;30.0;77.5768
525.09989;554.13555;-35.9051;30.0;25.7122
525.09989;554.13555;-35.9051;30.0;12.8561
525.09989;554.13555;-35.9051;30.0;38.5684
525.09989;554.13555;-35.9051;30.0;51.4246
525.09989;554.13555;-35.9051;30.0;77.1372
456.07738;467.10459;-36.1245;30.0;25.4479
456.07738;467.10459;-36.1245;30.0;12.7239
456.07738;467.10459;-36.1245;30.0;38.1718
456.07738;467.10459;-36.1245;30.0;50.8958
456.07738;467.10459;-36.1245;30.0;76.3441
314.18487;252.76816;40.2684;15.0;24.7459
314.18487;252.76816;40.2684;15.0;12.3729
314.18487;252.76816;40.2684;15.0;49.4918
314.18487;252.76816;40.2684;15.0;74.238
365.09165;352.12418;-35.9856;30.0;25.103
365.09165;352.12418;-35.9856;30.0;12.5515
365.09165;352.12418;-35.9856;30.0;37.6545
365.09165;352.12418;-35.9856;30.0;50.206
365.09165;352.12418;-35.9856;30.0;75.3094
742.8778;650.84043;-38.0215;30.0;25.831
742.8778;650.84043;-38.0215;30.0;12.9155
742.8778;650.84043;-38.0215;30.0;38.7466
742.8778;650.84043;-38.0215;30.0;51.6622
742.8778;650.84043;-38.0215;30.0;77.4937
418.07717;419.1043;-36.1265;30.0;25.3039
418.07717;419.1043;-36.1265;30.0;12.6519
418.07717;419.1043;-36.1265;30.0;37.9559
418.07717;419.1043;-36.1265;30.0;50.6079
418.07717;419.1043;-36.1265;30.0;75.9122
702.07279;600.09829;-36.1691;30.0;25.6793
702.07279;600.09829;-36.1691;30.0;12.8396
702.07279;600.09829;-36.1691;30.0;38.519
702.07279;600.09829;-36.1691;30.0;51.3587
702.07279;600.09829;-36.1691;30.0;77.0384
660.79181;548.56514;-34.8962;28.5;25.518
660.79181;548.56514;-34.8962;28.5;12.759
660.79181;548.56514;-34.8962;28.5;38.277
660.79181;548.56514;-34.8962;28.5;51.0361
660.79181;548.56514;-34.8962;28.5;76.5545
782.57622;700.26843;-37.1083;28.5;25.9812
782.57622;700.26843;-37.1083;28.5;12.9906
782.57622;700.26843;-37.1083;28.5;38.9719
782.57622;700.26843;-37.1083;28.5;51.9626
560.72671;424.47298;-35.5767;28.5;25.1446
560.72671;424.47298;-35.5767;28.5;12.5723
560.72671;424.47298;-35.5767;28.5;37.7169
560.72671;424.47298;-35.5767;28.5;50.2893
560.72671;424.47298;-35.5767;28.5;75.4343
605.68805;480.41933;-35.9754;28.5;25.3162
605.68805;480.41933;-35.9754;28.5;12.6581
605.68805;480.41933;-35.9754;28.5;37.9744
605.68805;480.41933;-35.9754;28.5;50.6326
605.68805;480.41933;-35.9754;28.5;75.9493
417.90074;172.13121;37.3412;60.0;24.8258
417.90074;172.13121;37.3412;60.0;12.4129
417.90074;172.13121;37.3412;60.0;37.2388
417.90074;172.13121;37.3412;60.0;49.6517
437.6268;272.3359;-36.5997;28.5;24.7089
437.6268;272.3359;-36.5997;28.5;12.3545
437.6268;272.3359;-36.5997;28.5;37.0634
437.6268;272.3359;-36.5997;28.5;49.418
437.6268;272.3359;-36.5997;28.5;74.1273
850.28904;709.3885;-30.9963;172.5;26.6571
327.66408;305.38645;-36.2209;28.5;24.969
327.66408;305.38645;-36.2209;28.5;12.4845
327.66408;305.38645;-36.2209;28.5;37.4536
327.66408;305.38645;-36.2209;28.5;49.9382
477.29825;321.91843;-39.8041;28.5;24.899
477.29825;321.91843;-39.8041;28.5;12.4495
477.29825;321.91843;-39.8041;28.5;37.3486
477.29825;321.91843;-39.8041;28.5;49.7982
517.5341;371.21318;-37.5273;28.5;25.0083
517.5341;371.21318;-37.5273;28.5;12.5041
517.5341;371.21318;-37.5273;28.5;37.5124
517.5341;371.21318;-37.5273;28.5;50.0166
517.5341;371.21318;-37.5273;28.5;75.0253
366.97847;214.19158;72.2791;19.5;25.2553
366.97847;214.19158;72.2791;19.5;12.6276
366.97847;214.19158;72.2791;19.5;37.8829
678.86949;660.58549;-38.9935;193.5;25.61
678.86949;660.58549;-38.9935;193.5;12.805
678.86949;660.58549;-38.9935;193.5;38.4151
678.86949;660.58549;-38.9935;193.5;51.2201
678.86949;660.58549;-38.9935;193.5;76.8305
589.62305;548.13297;-40.3732;190.5;25.298
589.62305;548.13297;-40.3732;190.5;12.649
589.62305;548.13297;-40.3732;190.5;37.9471
589.62305;548.13297;-40.3732;190.5;50.5962
589.62305;548.13297;-40.3732;190.5;75.8946
547.67503;496.19402;-40.4455;190.5;25.1562
547.67503;496.19402;-40.4455;190.5;12.5781
547.67503;496.19402;-40.4455;190.5;37.7343
547.67503;496.19402;-40.4455;190.5;50.3125
547.67503;496.19402;-40.4455;190.5;75.4691
634.7241;604.83976;-39.6519;192.0;25.4518
634.7241;604.83976;-39.6519;192.0;12.7259
634.7241;604.83976;-39.6519;192.0;38.1777
634.7241;604.83976;-39.6519;192.0;50.9037
634.7241;604.83976;-39.6519;192.0;76.3559
807.42812;753.26217;36.3789;16.5;27.1849
807.42812;753.26217;36.3789;16.5;13.5924
807.42812;753.26217;36.3789;16.5;40.7774
807.42812;753.26217;36.3789;16.5;54.3699
414.21221;172.61598;-59.3682;169.5;25.4629
414.21221;172.61598;-59.3682;169.5;12.7314
414.21221;172.61598;-59.3682;169.5;38.1943
414.21221;172.61598;-59.3682;169.5;50.9258
414.21221;172.61598;-59.3682;169.5;76.3888
409.89514;178.58306;54.2347;57.0;25.0792
409.89514;178.58306;54.2347;57.0;12.5396
409.89514;178.58306;54.2347;57.0;37.6188
409.89514;178.58306;54.2347;57.0;50.1584
885.50744;706.11771;20.9036;91.5;27.74
885.50744;706.11771;20.9036;91.5;13.87
885.50744;706.11771;20.9036;91.5;83.2209
875.00584;692.35626;84.5243;94.5;27.38
875.00584;692.35626;84.5243;94.5;13.69
875.00584;692.35626;84.5243;94.5;41.07
875.00584;692.35626;84.5243;94.5;54.7601
875.00584;692.35626;84.5243;94.5;82.1401
427.38155;146.32575;74.0496;91.5;25.8288
427.38155;146.32575;74.0496;91.5;12.9144
427.38155;146.32575;74.0496;91.5;38.7432
427.38155;146.32575;74.0496;91.5;51.6576
427.38155;146.32575;74.0496;91.5;77.4864
437.58208;156.02088;11.1206;93.0;24.7403
437.58208;156.02088;11.1206;93.0;12.3702
437.58208;156.02088;11.1206;93.0;37.1106
437.58208;156.02088;11.1206;93.0;74.2218
424.98519;185.36115;-43.2229;160.5;24.9922
424.98519;185.36115;-43.2229;160.5;49.9845
424.98519;185.36115;-43.2229;160.5;74.977
741.32498;806.53123;67.2012;18.0;27.0381
741.32498;806.53123;67.2012;18.0;54.0763
