426.77143;850.12045;-64.7623;19.5;27.2369
426.77143;850.12045;-64.7623;19.5;13.6184
426.77143;850.12045;-64.7623;19.5;40.8553
426.77143;850.12045;-64.7623;19.5;54.4738
426.77143;850.12045;-64.7623;19.5;81.7108
437.75027;830.39983;22.761;183.0;26.4731
437.75027;830.39983;22.761;183.0;13.2365
586.40104;647.43537;27.8321;28.5;26.1281
586.40104;647.43537;27.8321;28.5;13.064
586.40104;647.43537;27.8321;28.5;39.1922
586.40104;647.43537;27.8321;28.5;52.2563
586.40104;647.43537;27.8321;28.5;78.3849
725.13874;266.83637;-63.8837;19.5;25.2913
725.13874;266.83637;-63.8837;19.5;12.6456
725.13874;266.83637;-63.8837;19.5;37.937
725.13874;266.83637;-63.8837;19.5;50.5826
473.39225;643.45198;27.9453;28.5;25.9828
473.39225;643.45198;27.9453;28.5;12.9914
473.39225;643.45198;27.9453;28.5;38.9743
473.39225;643.45198;27.9453;28.5;51.9659
473.39225;643.45198;27.9453;28.5;77.9492
623.42281;571.39388;27.5494;28.5;25.8448
623.42281;571.39388;27.5494;28.5;12.9224
623.42281;571.39388;27.5494;28.5;38.7673
623.42281;571.39388;27.5494;28.5;51.6898
623.42281;571.39388;27.5494;28.5;77.5352
445.98049;698.16074;27.5359;27.0;26.1897
445.98049;698.16074;27.5359;27.0;13.0948
445.98049;698.16074;27.5359;27.0;39.2846
445.98049;698.16074;27.5359;27.0;52.3796
445.98049;698.16074;27.5359;27.0;78.5698
543.40235;735.43289;27.8151;28.5;26.4565
543.40235;735.43289;27.8151;28.5;13.2282
543.40235;735.43289;27.8151;28.5;39.6848
543.40235;735.43289;27.8151;28.5;52.9132
663.44;489.36077;27.3245;28.5;25.5421
663.44;489.36077;27.3245;28.5;12.7711
663.44;489.36077;27.3245;28.5;38.3133
663.44;489.36077;27.3245;28.5;51.0845
663.44;489.36077;27.3245;28.5;76.6271
700.97466;413.1719;27.6161;27.0;25.2676
700.97466;413.1719;27.6161;27.0;12.6338
700.97466;413.1719;27.6161;27.0;37.9015
700.97466;413.1719;27.6161;27.0;50.5354
700.97466;413.1719;27.6161;27.0;75.8035
421.41729;748.40446;27.6214;28.5;26.3764
421.41729;748.40446;27.6214;28.5;13.1882
421.41729;748.40446;27.6214;28.5;39.5646
421.41729;748.40446;27.6214;28.5;52.7529
421.41729;748.40446;27.6214;28.5;79.1299
726.97104;359.17882;27.6658;27.0;25.0705
726.97104;359.17882;27.6658;27.0;12.5352
726.97104;359.17882;27.6658;27.0;37.6057
726.97104;359.17882;27.6658;27.0;50.1411
726.97104;359.17882;27.6658;27.0;75.212
509.44625;805.34866;27.2423;28.5;26.7243
509.44625;805.34866;27.2423;28.5;13.3621
509.44625;805.34866;27.2423;28.5;40.0865
509.44625;805.34866;27.2423;28.5;53.4488
509.44625;805.34866;27.2423;28.5;80.1736
605.97592;377.1695;27.5988;27.0;25.0084
605.97592;377.1695;27.5988;27.0;12.5042
605.97592;377.1695;27.5988;27.0;37.5127
605.97592;377.1695;27.5988;27.0;50.017
605.97592;377.1695;27.5988;27.0;75.0259
344.4045;808.94454;-63.1026;57.0;27.4319
344.4045;808.94454;-63.1026;57.0;13.7159
344.4045;808.94454;-63.1026;57.0;41.1479
344.4045;808.94454;-63.1026;57.0;54.8639
633.93448;321.24782;28.1629;27.0;24.8151
633.93448;321.24782;28.1629;27.0;12.4075
633.93448;321.24782;28.1629;27.0;37.2227
633.93448;321.24782;28.1629;27.0;49.6303
633.93448;321.24782;28.1629;27.0;74.4459
498.93608;592.24484;28.1414;27.0;25.7955
498.93608;592.24484;28.1414;27.0;12.8977
498.93608;592.24484;28.1414;27.0;38.6933
498.93608;592.24484;28.1414;27.0;51.5912
498.93608;592.24484;28.1414;27.0;77.3872
345.73321;799.86072;20.2129;157.5;27.2892
577.98922;433.14395;27.4154;27.0;25.2095
577.98922;433.14395;27.4154;27.0;12.6047
577.98922;433.14395;27.4154;27.0;37.8143
577.98922;433.14395;27.4154;27.0;50.4192
577.98922;433.14395;27.4154;27.0;75.6292
552.93461;484.24759;28.1612;27.0;25.4014
552.93461;484.24759;28.1612;27.0;12.7007
552.93461;484.24759;28.1612;27.0;38.1022
552.93461;484.24759;28.1612;27.0;50.803
552.93461;484.24759;28.1612;27.0;76.2048
524.93606;540.24487;28.1416;27.0;25.6051
524.93606;540.24487;28.1416;27.0;12.8026
524.93606;540.24487;28.1416;27.0;38.4077
524.93606;540.24487;28.1416;27.0;51.2104
524.93606;540.24487;28.1416;27.0;76.816
637.77032;225.72732;-50.4885;55.5;25.177
637.77032;225.72732;-50.4885;55.5;12.5885
637.77032;225.72732;-50.4885;55.5;37.7655
637.77032;225.72732;-50.4885;55.5;75.5314
693.94768;254.907;-79.8989;18.0;25.449
693.94768;254.907;-79.8989;18.0;12.7245
693.94768;254.907;-79.8989;18.0;38.1735
693.94768;254.907;-79.8989;18.0;50.898
693.94768;254.907;-79.8989;18.0;76.347
336.97825;798.04689;38.1652;126.0;27.3732
336.97825;798.04689;38.1652;126.0;13.6866
336.97825;798.04689;38.1652;126.0;41.0598
336.97825;798.04689;38.1652;126.0;54.7465
336.97825;798.04689;38.1652;126.0;82.1201
635.69688;226.17984;44.6163;153.0;25.3675
635.69688;226.17984;44.6163;153.0;12.6837
746.88452;281.10635;-45.0672;16.5;24.8266
746.88452;281.10635;-45.0672;16.5;12.4133
326.8313;791.36382;84.4925;88.5;27.3894
326.8313;791.36382;84.4925;88.5;13.6947
326.8313;791.36382;84.4925;88.5;41.0841
326.8313;791.36382;84.4925;88.5;54.7788
326.8313;791.36382;84.4925;88.5;82.1682
530.86925;643.61999;27.9811;183.0;25.7397
530.86925;643.61999;27.9811;183.0;12.8698
530.86925;643.61999;27.9811;183.0;38.6096
530.86925;643.61999;27.9811;183.0;51.4795
530.86925;643.61999;27.9811;183.0;77.2197
484.62367;738.25782;27.3533;184.5;26.096
484.62367;738.25782;27.3533;184.5;13.048
484.62367;738.25782;27.3533;184.5;39.144
484.62367;738.25782;27.3533;184.5;52.1921
484.62367;738.25782;27.3533;184.5;78.2886
434.69968;840.62515;38.7532;193.5;26.3961
434.69968;840.62515;38.7532;193.5;13.198
434.69968;840.62515;38.7532;193.5;39.5942
640.2755;230.35322;-35.1122;54.0;24.8425
640.2755;230.35322;-35.1122;54.0;12.4212
640.2755;230.35322;-35.1122;54.0;37.2638
640.2755;230.35322;-35.1122;54.0;74.528
639.44515;424.1026;28.1845;178.5;24.9433
639.44515;424.1026;28.1845;178.5;12.4717
639.44515;424.1026;28.1845;178.5;37.4151
639.44515;424.1026;28.1845;178.5;49.8868
639.44515;424.1026;28.1845;178.5;74.8306
633.83617;211.02421;80.2778;109.5;25.9519
633.83617;211.02421;80.2778;109.5;12.976
633.83617;211.02421;80.2778;109.5;38.9279
633.83617;211.02421;80.2778;109.5;51.9039
633.83617;211.02421;80.2778;109.5;77.8558
315.73403;802.15405;-35.811;91.5;27.8186
315.73403;802.15405;-35.811;91.5;55.6373
315.73403;802.15405;-35.811;91.5;83.4564
588.47851;527.28956;27.8784;181.5;25.3133
588.47851;527.28956;27.8784;181.5;12.6566
588.47851;527.28956;27.8784;181.5;37.9699
588.47851;527.28956;27.8784;181.5;50.6267
588.47851;527.28956;27.8784;181.5;75.9404
751.08634;308.95108;26.0407;27.0;24.8594
751.08634;308.95108;26.0407;27.0;12.4297
666.47062;369.05502;28.1326;178.5;24.7459
666.47062;369.05502;28.1326;178.5;12.3729
666.47062;369.05502;28.1326;178.5;37.1189
666.47062;369.05502;28.1326;178.5;49.4919
666.47062;369.05502;28.1326;178.5;74.2382
688.74882;254.45672;83.3847;19.5;25.5381
688.74882;254.45672;83.3847;19.5;12.769
688.74882;254.45672;83.3847;19.5;38.3071
658.96183;270.19634;27.7918;27.0;24.6274
658.96183;270.19634;27.7918;27.0;12.3137
556.36508;592.50295;28.1072;181.5;25.5534
556.36508;592.50295;28.1072;181.5;12.7767
556.36508;592.50295;28.1072;181.5;38.3301
556.36508;592.50295;28.1072;181.5;51.1069
556.36508;592.50295;28.1072;181.5;76.6608
692.12042;315.64889;27.9451;177.0;24.5486
692.12042;315.64889;27.9451;177.0;12.2743
692.12042;315.64889;27.9451;177.0;36.823
692.12042;315.64889;27.9451;177.0;49.0974
692.12042;315.64889;27.9451;177.0;73.6465
613.11831;216.02881;-14.4166;84.0;24.9048
613.11831;216.02881;-14.4166;84.0;12.4524
613.11831;216.02881;-14.4166;84.0;37.3572
751.3986;286.62253;-28.3915;15.0;24.545
751.3986;286.62253;-28.3915;15.0;12.2725
617.71363;204.13181;-84.4384;84.0;25.8936
617.71363;204.13181;-84.4384;84.0;12.9468
617.71363;204.13181;-84.4384;84.0;38.8404
617.71363;204.13181;-84.4384;84.0;77.6809
757.58955;295.43239;-7.1551;34.5;24.3928
757.58955;295.43239;-7.1551;34.5;12.1964
